autonomous_map_creation/Utah/USGS/n39w111_10m_129.asc
ncols        129
nrows        129
xllcorner    499951.223334768729
yllcorner    4205751.607676603831
dx           681.439425329654
dy           864.827426540997
NODATA_value  -3.4028234663852885981e+38
[rows 20 to 39 of 129, columns 0 to 43 of 129]
1892.1571044921875 1927.5931396484375 1939.393798828125 1991.8272705078125 2015.8907470703125 2048.040283203125 2088.843017578125 2119.287841796875 2031.0194091796875 2049.366455078125 2038.2218017578125 2127.087158203125 2189.015625 2121.4267578125 2155.629638671875 2147.4013671875 2161.422607421875 2156.564453125 2179.925048828125 2118.468505859375 2074.5625 2120.366455078125 2124.624755859375 2128.54443359375 2178.574462890625 2159.49951171875 2158.559326171875 2156.426025390625 2138.4150390625 2119.748291015625 2101.641845703125 2127.71240234375 2105.05029296875 2074.011962890625 2064.84228515625 2059.854736328125 2050.90283203125 2053.442626953125 2052.332763671875 2063.693603515625 2065.603759765625 2028.001953125 2015.0345458984375 2029.7161865234375
1901.6514892578125 1951.9937744140625 1980.6435546875 2017.507568359375 2041.7818603515625 2087.5546875 2058.2939453125 2027.5904541015625 2139.666015625 2055.8251953125 2125.356689453125 2178.387939453125 2050.762939453125 2052.859375 2120.34423828125 2127.926025390625 2152.66357421875 2164.577392578125 2200.89111328125 2223.95703125 2161.139404296875 2104.0927734375 2129.580810546875 2129.302001953125 2187.423095703125 2172.365478515625 2155.1064453125 2166.5400390625 2163.3818359375 2161.825439453125 2197.31396484375 2121.833251953125 2092.6787109375 2088.883056640625 2123.387451171875 2068.657958984375 2053.471435546875 2052.44091796875 2047.3057861328125 2051.923828125 2031.7730712890625 2032.8721923828125 2021.4417724609375 2017.1485595703125
1938.09814453125 1972.207763671875 2002.45751953125 1958.035400390625 2022.933837890625 2014.1859130859375 2027.0255126953125 2059.055419921875 2229.750732421875 2184.523193359375 2202.2685546875 2151.668212890625 2135.86767578125 2083.993408203125 2089.87744140625 2149.2333984375 2139.004638671875 2173.37158203125 2189.6376953125 2227.666015625 2281.307373046875 2145.094482421875 2180.319580078125 2235.512451171875 2362.19970703125 2201.91748046875 2184.398193359375 2209.588623046875 2193.072021484375 2208.908447265625 2157.089599609375 2111.700927734375 2115.14599609375 2200.660400390625 2121.915771484375 2072.7958984375 2062.12744140625 2061.73974609375 2075.97509765625 2085.380859375 2040.403076171875 2026.6455078125 2016.281982421875 2009.6387939453125
1950.53564453125 1895.2900390625 1991.1678466796875 1985.1917724609375 2102.98974609375 2107.9169921875 2162.66162109375 2179.855712890625 2253.511962890625 2196.546875 2221.916259765625 2252.0712890625 2120.319091796875 2110.016845703125 2147.490966796875 2127.349609375 2187.2412109375 2211.363037109375 2201.901123046875 2230.309814453125 2306.6005859375 2181.5068359375 2208.65966796875 2259.642333984375 2183.540771484375 2182.105224609375 2223.81787109375 2188.047607421875 2141.369873046875 2122.239013671875 2111.27978515625 2101.531982421875 2091.84521484375 2085.030517578125 2087.02685546875 2069.926513671875 2059.85546875 2061.212890625 2053.51416015625 2048.171630859375 2066.315185546875 2063.64990234375 2053.4873046875 2077.013427734375
1958.5201416015625 1946.9322509765625 2053.945068359375 2014.913818359375 2130.187255859375 2157.888916015625 2140.814697265625 2148.819580078125 2229.26220703125 2209.431640625 2246.45849609375 2182.262451171875 2156.08544921875 2161.59814453125 2127.6416015625 2207.936279296875 2200.573486328125 2210.149658203125 2368.90966796875 2260.123779296875 2303.12109375 2147.005615234375 2172.403076171875 2163.343017578125 2136.50732421875 2134.87353515625 2178.466064453125 2180.761962890625 2176.1904296875 2150.2138671875 2187.0771484375 2158.169677734375 2123.77392578125 2110.719482421875 2099.855712890625 2084.926513671875 2093.1708984375 2084.38525390625 2085.914306640625 2090.0205078125 2085.003662109375 2072.880615234375 2080.7314453125 2093.819580078125
2001.490966796875 2046.9405517578125 2062.88916015625 2111.450927734375 2130.944091796875 2176.566162109375 2169.0517578125 2225.914794921875 2166.95654296875 2221.010986328125 2221.892333984375 2146.3994140625 2149.45654296875 2178.326171875 2218.139404296875 2143.679931640625 2250.3837890625 2280.638671875 2210.013671875 2212.73974609375 2267.802001953125 2158.417236328125 2125.24951171875 2121.33837890625 2143.237548828125 2125.975341796875 2187.8271484375 2186.694091796875 2171.08935546875 2159.140380859375 2193.821533203125 2167.03564453125 2178.659423828125 2192.810546875 2112.587890625 2114.74267578125 2122.6669921875 2091.9970703125 2098.165283203125 2095.075439453125 2077.473876953125 2063.227294921875 2047.48876953125 2047.82763671875
1996.7313232421875 2068.98876953125 2107.314453125 2135.52099609375 2160.966064453125 2190.387939453125 2222.861328125 2135.265625 2167.333251953125 2195.365234375 2127.5498046875 2155.68359375 2150.16796875 2179.16943359375 2256.311279296875 2257.406982421875 2278.301025390625 2272.886474609375 2045.9443359375 2094.03955078125 2184.0927734375 2181.975341796875 2123.197509765625 2099.5712890625 2100.02783203125 2109.87451171875 2123.896728515625 2192.072509765625 2123.427978515625 2183.336669921875 2126.807373046875 2112.99853515625 2090.317138671875 2093.883056640625 2082.997802734375 2092.3046875 2097.583251953125 2094.703125 2103.77978515625 2104.824462890625 2072.250244140625 2105.59521484375 2057.974609375 2021.0667724609375
1997.93798828125 2042.9735107421875 2027.2796630859375 2046.5279541015625 2166.350830078125 2069.57763671875 2088.23583984375 2175.208740234375 2207.228759765625 2100.58154296875 2101.826416015625 2114.84033203125 2162.096923828125 2043.802490234375 2245.61767578125 2272.361572265625 1998.0010986328125 2038.3829345703125 2028.0452880859375 2050.330810546875 2188.059814453125 2119.348388671875 2177.990966796875 2109.045654296875 2085.94091796875 2097.685791015625 2126.53125 2113.121337890625 2110.1162109375 2126.608154296875 2093.330810546875 2075.201904296875 2069.239013671875 2088.607177734375 2057.7841796875 2050.075927734375 2050.43017578125 2061.78515625 2057.868896484375 2096.10107421875 2037.269287109375 2026.211181640625 2082.3603515625 2040.55078125
1993.167236328125 2018.78466796875 2072.717529296875 2070.1875 2097.80615234375 2070.7216796875 2103.9111328125 2090.064697265625 2085.740234375 2097.69287109375 1936.2642822265625 1906.73974609375 1936.5062255859375 2052.427978515625 2023.925048828125 1950.47607421875 1983.5694580078125 1974.8804931640625 2037.5609130859375 2073.58642578125 2134.180908203125 2106.908935546875 2108.06201171875 2115.29736328125 2081.171875 2099.626953125 2102.140380859375 2085.656494140625 2098.385986328125 2127.600830078125 2110.102294921875 2098.676025390625 2098.692138671875 2049.6298828125 2054.140625 2051.027099609375 2039.245361328125 2046.714599609375 2024.9896240234375 2036.4774169921875 2003.4017333984375 2008.016845703125 1993.055419921875 1989.845947265625
2047.8853759765625 2085.669921875 2113.399169921875 2120.98583984375 2155.50537109375 2064.376953125 2066.1884765625 2094.042724609375 2133.52197265625 2129.7998046875 1924.3612060546875 1866.5484619140625 1913.5938720703125 2213.538818359375 1909.533447265625 1927.4573974609375 1963.08251953125 1983.9232177734375 2028.1943359375 2020.078125 2181.879150390625 2130.8623046875 2094.157958984375 2082.20166015625 2081.798095703125 2072.888916015625 2067.824462890625 2083.435302734375 2095.29150390625 2098.21240234375 2083.83935546875 2075.599853515625 2073.647705078125 2058.42431640625 2036.9661865234375 2019.2958984375 2045.5718994140625 2030.1156005859375 2012.0029296875 2029.125 2024.5157470703125 1997.37646484375 1980.3070068359375 1966.17919921875
2062.61279296875 2089.646240234375 2123.931640625 2137.36474609375 2141.699462890625 2086.4736328125 2088.825927734375 2093.5546875 2119.705078125 1933.3458251953125 1961.726806640625 1863.314697265625 1874.3865966796875 1885.59375 1889.720458984375 1940.9332275390625 1972.9683837890625 1998.3778076171875 2011.402587890625 2110.977294921875 2135.09423828125 2098.19921875 2073.8603515625 2062.012939453125 2070.832275390625 2054.42236328125 2063.60302734375 2078.461669921875 2101.81201171875 2079.815673828125 2060.96533203125 2093.4375 2075.227783203125 2055.393798828125 2050.84814453125 2027.975341796875 2014.6846923828125 1991.21337890625 2001.4334716796875 2001.5277099609375 1977.1932373046875 1981.5955810546875 1954.2734375 1937.8167724609375
2060.27587890625 2056.618896484375 2053.555908203125 2133.975341796875 2070.385986328125 1959.816162109375 1873.922607421875 2012.84130859375 1924.470458984375 1842.71044921875 1808.61669921875 1880.732666015625 1911.94189453125 1905.119384765625 1929.0836181640625 1954.5313720703125 2021.405029296875 2043.2276611328125 2059.332275390625 2170.87890625 2103.48974609375 2087.677001953125 2072.693603515625 2062.209228515625 2049.522216796875 2038.3370361328125 2101.11669921875 2106.095703125 2088.692626953125 2061.670166015625 2052.15283203125 2066.7841796875 2083.9033203125 2083.91015625 2093.25537109375 2079.999267578125 2079.906005859375 2041.0880126953125 2007.9405517578125 1984.2645263671875 1948.9473876953125 1931.122802734375 1918.532958984375 1909.222412109375
2081.27734375 2066.86083984375 2158.01220703125 2142.263916015625 1972.7904052734375 1777.9429931640625 1790.3822021484375 1795.5792236328125 1795.8370361328125 1793.6429443359375 1845.7979736328125 1872.87548828125 1877.2125244140625 1932.7950439453125 1949.34521484375 1976.033935546875 2001.696044921875 2089.137939453125 2073.91943359375 2123.47021484375 2099.962158203125 2110.680419921875 2098.731201171875 2081.63330078125 2077.25341796875 2073.981201171875 2072.859375 2117.428955078125 2051.953369140625 2040.093994140625 2049.218017578125 2059.1328125 2082.10888671875 2065.3740234375 2022.9725341796875 2021.3563232421875 1999.139892578125 1999.5084228515625 2029.020263671875 1988.017822265625 1981.8353271484375 1918.3377685546875 1901.4708251953125 1902.739990234375
2052.237548828125 2048.489501953125 2035.028076171875 1990.4495849609375 1912.0150146484375 1978.523681640625 1733.324951171875 1748.2064208984375 1790.7314453125 1797.1260986328125 1815.677734375 1888.311279296875 1891.924560546875 1927.836669921875 1968.909912109375 1991.683349609375 2040.4080810546875 2032.5926513671875 2047.576171875 2080.716064453125 2092.031982421875 2081.593505859375 2087.618896484375 2083.288330078125 2085.74755859375 2102.818359375 2035.11181640625 2015.701416015625 2064.73486328125 2068.09814453125 2059.6572265625 2062.105712890625 2084.84033203125 2077.274169921875 1999.4722900390625 2042.6856689453125 1951.330322265625 1996.418701171875 2020.7728271484375 2005.4678955078125 1957.5992431640625 1961.0260009765625 1913.3284912109375 1897.2496337890625
2060.775634765625 2103.928955078125 1945.5826416015625 1942.2120361328125 1713.064697265625 1726.093994140625 1764.5147705078125 1800.7276611328125 1862.588134765625 1862.589599609375 1928.3515625 1922.2626953125 1912.137939453125 1924.27099609375 1959.9991455078125 2031.9033203125 2026.7532958984375 2029.032470703125 2065.493408203125 2107.17578125 2102.88330078125 2100.431640625 2088.72705078125 2079.30419921875 2091.237060546875 2058.21337890625 2055.658935546875 2027.230224609375 2032.038818359375 2060.640380859375 2070.7958984375 2098.470458984375 2097.0419921875 2086.10302734375 2058.808349609375 2052.409912109375 1953.5177001953125 1921.27197265625 1920.3275146484375 1911.421875 1902.92529296875 1949.658935546875 1901.7315673828125 1902.0986328125
1839.0555419921875 1959.058349609375 1949.7376708984375 1969.874755859375 1709.0767822265625 1731.583251953125 1776.3623046875 1827.9346923828125 1827.127197265625 1850.4857177734375 1913.6363525390625 1949.301513671875 1972.95947265625 1978.5789794921875 2023.7579345703125 1991.9129638671875 2022.0936279296875 2066.31982421875 2058.420166015625 2093.48876953125 2108.857177734375 2092.46435546875 2058.079345703125 2089.109130859375 2047.997314453125 2047.9913330078125 2068.2578125 2009.93212890625 2051.653076171875 2080.747314453125 2083.795654296875 2088.400390625 2074.910888671875 2060.556884765625 2051.96484375 2051.793701171875 2026.8338623046875 1956.0064697265625 1890.883544921875 1879.5091552734375 1885.197021484375 1930.5999755859375 1904.9705810546875 1845.8681640625
1862.733642578125 1977.514404296875 1955.5633544921875 1988.8638916015625 1714.984619140625 1706.2652587890625 1782.447265625 1803.860107421875 1853.029296875 1894.0377197265625 1932.5355224609375 1928.547607421875 1960.258544921875 1952.5545654296875 1965.2506103515625 2023.0308837890625 2070.667236328125 2074.233154296875 2068.271728515625 2072.443603515625 2071.591796875 2076.80126953125 2064.235107421875 2043.532958984375 2048.5908203125 2025.51513671875 2048.14697265625 2026.342529296875 2039.7392578125 2045.59912109375 2032.63818359375 2055.47314453125 2040.2452392578125 2017.1566162109375 2034.165771484375 2015.6875 1951.0079345703125 1921.80322265625 1885.4403076171875 1857.5281982421875 1905.5159912109375 1824.1890869140625 1849.0682373046875 1839.1217041015625
1890.950439453125 1917.074462890625 1834.7125244140625 2007.4891357421875 1685.2554931640625 1722.7825927734375 1743.845947265625 1802.7156982421875 1800.3814697265625 1872.5498046875 1854.4246826171875 1897.1260986328125 1896.6656494140625 1936.4619140625 2014.1231689453125 2046.9342041015625 2079.045654296875 2057.42333984375 2072.854248046875 2080.70458984375 2078.423583984375 2061.39013671875 2037.43798828125 1998.9991455078125 1983.6197509765625 2016.196533203125 1975.3472900390625 2023.2603759765625 2053.761962890625 2052.93310546875 2023.5462646484375 1967.488525390625 2019.2147216796875 2012.677734375 2001.2911376953125 1926.501953125 1955.271240234375 1926.9102783203125 1892.3955078125 1866.316162109375 1869.5479736328125 1803.4385986328125 1799.6905517578125 1792.5535888671875
1584.172119140625 1839.336669921875 1840.1348876953125 1662.8837890625 1656.53173828125 1716.67626953125 1783.8717041015625 1835.42919921875 1894.388427734375 1894.4705810546875 1914.928466796875 1931.4498291015625 1935.761474609375 1950.0550537109375 1996.9375 2058.0205078125 2055.25048828125 2048.985107421875 2064.9296875 2071.385009765625 2071.833740234375 2062.855224609375 2050.4345703125 2046.37744140625 2005.7197265625 2006.47607421875 2008.7587890625 1936.98779296875 1988.3603515625 1990.7843017578125 1956.9964599609375 1978.8240966796875 1973.5703125 1981.1175537109375 1977.49658203125 1937.32763671875 1866.0714111328125 1891.6072998046875 1858.56982421875 1841.92041015625 1823.1253662109375 1753.077392578125 1791.727783203125 1774.0941162109375
1568.55322265625 1594.8984375 1764.7032470703125 1648.84521484375 1691.02978515625 1738.6273193359375 1750.739501953125 1788.1353759765625 1864.7923583984375 1914.8004150390625 1916.984619140625 1957.9600830078125 1947.7264404296875 1981.684326171875 2047.4810791015625 2049.77001953125 2036.97705078125 2033.5802001953125 2041.791259765625 2057.4150390625 2063.403076171875 2041.3682861328125 2049.0263671875 2055.149169921875 2053.4580078125 2049.151123046875 2012.408447265625 1952.0162353515625 1993.718994140625 1969.8642578125 1990.2642822265625 1916.839111328125 1911.222900390625 1929.5914306640625 1887.12060546875 1878.719970703125 1864.390380859375 1850.3856201171875 1816.3167724609375 1818.863037109375 1781.6685791015625 1727.389404296875 1711.0423583984375 1703.2877197265625
