autonomous_map_creation/Utah/USGS/n39w111_10m_129.asc
ncols        129
nrows        129
xllcorner    499951.223334768729
yllcorner    4205751.607676603831
dx           681.439425329654
dy           864.827426540997
NODATA_value  -3.4028234663852885981e+38
[rows 60 to 79 of 129, columns 0 to 43 of 129]
1736.55859375 1947.278076171875 1888.265380859375 1777.8985595703125 1776.7769775390625 1704.6734619140625 1618.554931640625 1486.46533203125 1401.1353759765625 1384.7003173828125 1400.5509033203125 1441.9390869140625 1388.10009765625 1399.6705322265625 1391.0733642578125 1394.47607421875 1416.912353515625 1452.798828125 1455.8577880859375 1415.239501953125 1410.309326171875 1420.305419921875 1401.5030517578125 1447.5533447265625 1479.5640869140625 1475.390625 1499.279052734375 1487.9632568359375 1499.5401611328125 1421.6629638671875 1440.065673828125 1441.242919921875 1476.7938232421875 1513.6534423828125 1585.711669921875 1484.0701904296875 1475.3541259765625 1502.90185546875 1536.3280029296875 1439.906494140625 1428.7130126953125 1427.4530029296875 1432.613525390625 1435.0794677734375
1707.9298095703125 1909.396240234375 1814.5706787109375 1744.28271484375 1759.560302734375 1676.353759765625 1549.09130859375 1454.4205322265625 1395.9224853515625 1422.3568115234375 1473.9637451171875 1416.072998046875 1421.0345458984375 1390.07421875 1379.7471923828125 1381.086669921875 1385.978271484375 1411.757080078125 1411.9376220703125 1425.0274658203125 1389.170654296875 1407.916015625 1414.1080322265625 1402.3170166015625 1402.771484375 1439.063232421875 1426.3046875 1452.8486328125 1467.8245849609375 1483.857177734375 1415.553466796875 1487.623046875 1484.570556640625 1562.945068359375 1561.6861572265625 1462.127685546875 1476.61962890625 1501.1258544921875 1447.963134765625 1427.5377197265625 1421.1944580078125 1420.2744140625 1423.1580810546875 1429.7894287109375
1846.1121826171875 1809.29736328125 1781.857177734375 1769.657958984375 1675.539794921875 1610.7967529296875 1484.80029296875 1408.82958984375 1454.6812744140625 1441.346923828125 1434.1778564453125 1425.897216796875 1461.8365478515625 1426.487060546875 1376.199951171875 1378.6663818359375 1376.7869873046875 1389.9439697265625 1385.593505859375 1385.7503662109375 1387.450927734375 1422.6824951171875 1427.5555419921875 1390.7694091796875 1402.262939453125 1417.04150390625 1427.836181640625 1423.68701171875 1456.419677734375 1452.1834716796875 1452.254638671875 1507.69873046875 1538.0189208984375 1534.425537109375 1462.3067626953125 1456.81787109375 1486.489501953125 1501.181396484375 1445.8448486328125 1427.5400390625 1415.0162353515625 1407.786376953125 1413.6072998046875 1427.16357421875
1812.9737548828125 1666.09912109375 1722.7205810546875 1694.9246826171875 1585.3853759765625 1565.101318359375 1468.8887939453125 1400.236328125 1460.3121337890625 1454.8238525390625 1441.3857421875 1438.982421875 1422.230712890625 1412.7188720703125 1397.0211181640625 1387.976318359375 1373.171142578125 1371.3299560546875 1373.282958984375 1373.3448486328125 1379.8409423828125 1380.18896484375 1424.542724609375 1375.8818359375 1376.543701171875 1378.31298828125 1401.13818359375 1427.20703125 1416.247802734375 1436.879638671875 1462.45654296875 1461.464111328125 1497.0899658203125 1525.0543212890625 1440.4969482421875 1461.8751220703125 1463.4110107421875 1464.2213134765625 1491.0419921875 1414.461181640625 1413.3013916015625 1401.59423828125 1411.0284423828125 1422.964599609375
1697.583740234375 1703.083251953125 1670.2689208984375 1634.135009765625 1578.6600341796875 1501.100830078125 1424.40283203125 1432.2796630859375 1442.5335693359375 1487.349853515625 1490.77783203125 1485.018798828125 1495.07568359375 1495.6396484375 1501.6947021484375 1411.4090576171875 1416.3045654296875 1415.3040771484375 1376.1143798828125 1389.8492431640625 1360.6741943359375 1362.301513671875 1415.553466796875 1391.3458251953125 1377.26171875 1403.9437255859375 1376.087890625 1394.75537109375 1403.391357421875 1426.88427734375 1449.21826171875 1463.80322265625 1480.2315673828125 1476.82470703125 1416.456298828125 1461.9779052734375 1437.501953125 1468.748291015625 1463.7562255859375 1425.181884765625 1404.9588623046875 1392.202880859375 1403.4271240234375 1424.52490234375
1651.3818359375 1622.3271484375 1607.4974365234375 1576.76318359375 1533.8958740234375 1462.0794677734375 1419.7861328125 1441.3570556640625 1500.766845703125 1470.881591796875 1461.966064453125 1454.737548828125 1454.2677001953125 1461.145263671875 1467.113037109375 1441.4993896484375 1428.67333984375 1415.3447265625 1416.6102294921875 1381.1873779296875 1378.6724853515625 1360.3489990234375 1370.4453125 1381.476806640625 1360.1455078125 1366.3848876953125 1357.4154052734375 1378.6396484375 1410.9669189453125 1427.9847412109375 1443.78271484375 1424.5797119140625 1475.1256103515625 1439.6280517578125 1402.3062744140625 1414.609375 1425.0059814453125 1460.611328125 1451.134521484375 1390.0933837890625 1392.4158935546875 1388.84912109375 1409.6649169921875 1422.4407958984375
1578.4609375 1570.921142578125 1564.0750732421875 1509.662109375 1491.0513916015625 1460.1591796875 1411.9222412109375 1462.4471435546875 1483.5875244140625 1461.2818603515625 1463.3143310546875 1453.3841552734375 1439.475341796875 1432.416015625 1440.482666015625 1403.6058349609375 1402.981201171875 1380.9322509765625 1372.3226318359375 1371.608154296875 1379.8369140625 1385.7352294921875 1366.505126953125 1367.2431640625 1379.21728515625 1350.6688232421875 1377.930419921875 1401.1781005859375 1415.3082275390625 1405.0096435546875 1398.055419921875 1441.6776123046875 1436.4014892578125 1428.0400390625 1391.170654296875 1426.4764404296875 1430.7320556640625 1451.2562255859375 1416.0628662109375 1382.6583251953125 1387.9571533203125 1393.651123046875 1409.8782958984375 1427.7918701171875
1524.633544921875 1526.008544921875 1462.142822265625 1487.4285888671875 1475.660400390625 1425.5321044921875 1516.3216552734375 1460.6829833984375 1466.38134765625 1451.2777099609375 1445.0255126953125 1449.2203369140625 1443.678466796875 1448.0537109375 1407.4208984375 1411.9404296875 1435.4658203125 1407.912353515625 1386.7763671875 1380.820556640625 1388.6004638671875 1393.9266357421875 1385.2183837890625 1393.1446533203125 1420.98681640625 1367.4832763671875 1393.6888427734375 1378.65869140625 1379.9456787109375 1382.42431640625 1391.6182861328125 1387.3450927734375 1409.2930908203125 1355.677001953125 1402.86474609375 1420.78955078125 1444.3826904296875 1440.9649658203125 1392.993408203125 1378.7423095703125 1370.9273681640625 1396.385498046875 1410.6983642578125 1427.16357421875
1475.7801513671875 1492.91162109375 1504.4605712890625 1488.1470947265625 1438.119140625 1487.98779296875 1497.9638671875 1489.2763671875 1464.2606201171875 1451.0836181640625 1452.17138671875 1437.1646728515625 1441.9918212890625 1442.5074462890625 1450.51513671875 1405.8580322265625 1445.45703125 1402.9490966796875 1409.424560546875 1399.576904296875 1382.3892822265625 1370.2852783203125 1362.470947265625 1370.60009765625 1379.7158203125 1337.7354736328125 1352.4476318359375 1340.9932861328125 1338.865966796875 1328.996826171875 1354.766357421875 1383.0982666015625 1338.36328125 1351.367431640625 1391.0511474609375 1433.0250244140625 1476.041748046875 1456.134765625 1381.4720458984375 1360.9593505859375 1375.2984619140625 1410.23193359375 1420.0460205078125 1438.831298828125
1488.36328125 1514.552978515625 1510.0233154296875 1487.7664794921875 1458.890380859375 1501.783935546875 1486.303955078125 1474.3541259765625 1464.6982421875 1463.599365234375 1451.9742431640625 1447.5860595703125 1442.623291015625 1448.799560546875 1454.2750244140625 1464.012451171875 1469.8763427734375 1458.5428466796875 1477.2373046875 1442.9805908203125 1400.4552001953125 1397.9364013671875 1368.0128173828125 1376.8157958984375 1366.045654296875 1362.9776611328125 1355.3138427734375 1341.121337890625 1393.09521484375 1376.6865234375 1327.626220703125 1328.2965087890625 1327.9383544921875 1382.7474365234375 1391.6044921875 1440.1796875 1392.907958984375 1374.5445556640625 1353.4290771484375 1389.3287353515625 1391.462646484375 1401.490966796875 1434.8297119140625 1454.06005859375
1510.4210205078125 1509.4681396484375 1508.315185546875 1461.000732421875 1512.9036865234375 1488.757080078125 1481.2213134765625 1472.4168701171875 1475.58740234375 1474.5843505859375 1466.704833984375 1461.7044677734375 1457.7913818359375 1455.30712890625 1460.51708984375 1467.379150390625 1463.98828125 1482.62158203125 1480.3406982421875 1493.1304931640625 1400.34521484375 1390.721435546875 1377.9569091796875 1378.7513427734375 1378.95361328125 1367.11669921875 1372.5706787109375 1383.67626953125 1389.0433349609375 1388.7088623046875 1376.880859375 1325.7801513671875 1325.3270263671875 1370.599853515625 1345.0634765625 1365.555908203125 1350.960693359375 1346.920166015625 1386.77001953125 1362.6446533203125 1386.2044677734375 1412.7967529296875 1465.1624755859375 1460.39306640625
1505.76416015625 1514.95947265625 1520.875244140625 1485.807373046875 1521.86767578125 1497.3857421875 1487.4613037109375 1477.4705810546875 1500.8897705078125 1500.7138671875 1509.8924560546875 1488.5111083984375 1471.1453857421875 1468.2271728515625 1465.86474609375 1474.503173828125 1475.518798828125 1480.390380859375 1488.806640625 1500.6728515625 1508.0850830078125 1403.1549072265625 1407.35498046875 1382.656982421875 1379.24169921875 1390.6455078125 1378.8084716796875 1383.0634765625 1393.474853515625 1369.98583984375 1340.595947265625 1338.1534423828125 1327.448486328125 1315.381591796875 1345.9217529296875 1345.7899169921875 1365.802001953125 1382.6607666015625 1393.795654296875 1403.5113525390625 1410.5989990234375 1401.7830810546875 1470.747802734375 1472.46240234375
1524.4017333984375 1592.2242431640625 1501.7650146484375 1538.9293212890625 1511.578125 1538.743896484375 1488.25439453125 1498.796142578125 1490.4407958984375 1511.9705810546875 1758.0120849609375 1608.9215087890625 1494.612060546875 1488.375 1488.5699462890625 1472.5537109375 1476.7498779296875 1483.7191162109375 1491.8572998046875 1498.8370361328125 1502.643798828125 1445.0350341796875 1404.0919189453125 1413.6290283203125 1404.4378662109375 1380.8297119140625 1377.5411376953125 1370.41259765625 1369.9810791015625 1348.6878662109375 1384.4573974609375 1405.59326171875 1380.9747314453125 1315.0919189453125 1330.959716796875 1341.4539794921875 1366.427490234375 1390.8070068359375 1408.217529296875 1405.4154052734375 1404.4647216796875 1407.5919189453125 1416.270751953125 1451.16796875
1612.59619140625 1645.725341796875 1575.5068359375 1549.2657470703125 1525.0972900390625 1510.772216796875 1501.7386474609375 1476.3912353515625 1476.287353515625 1488.4794921875 1568.1719970703125 1512.6302490234375 1476.8236083984375 1462.131591796875 1462.350341796875 1461.9720458984375 1465.03369140625 1476.6124267578125 1486.373779296875 1501.2314453125 1496.5260009765625 1477.7406005859375 1415.3497314453125 1403.2755126953125 1391.7178955078125 1381.3817138671875 1366.4852294921875 1360.5081787109375 1393.33203125 1382.106201171875 1428.2882080078125 1417.036865234375 1394.561279296875 1343.748291015625 1313.4290771484375 1316.4503173828125 1345.6746826171875 1373.193603515625 1365.88037109375 1366.2889404296875 1379.028076171875 1390.9271240234375 1400.9005126953125 1402.373046875
1626.3165283203125 1675.666015625 1632.852783203125 1559.2586669921875 1546.93505859375 1523.1925048828125 1512.5386962890625 1477.39697265625 1465.0330810546875 1462.6348876953125 1463.87109375 1464.18896484375 1458.3411865234375 1450.1512451171875 1452.2120361328125 1451.0697021484375 1453.52978515625 1464.3203125 1475.7978515625 1480.39990234375 1491.8985595703125 1449.605224609375 1423.3919677734375 1408.0389404296875 1393.5994873046875 1398.902587890625 1384.7879638671875 1369.81396484375 1389.626953125 1417.2230224609375 1402.462890625 1393.6890869140625 1405.043212890625 1366.6295166015625 1352.9217529296875 1309.4927978515625 1320.061279296875 1347.709228515625 1354.8585205078125 1359.778076171875 1364.6444091796875 1369.183837890625 1380.4564208984375 1396.7144775390625
1648.3538818359375 1631.5467529296875 1588.548583984375 1561.0096435546875 1536.6558837890625 1547.470947265625 1854.653564453125 1500.8756103515625 1475.761474609375 1459.9771728515625 1449.833740234375 1449.66796875 1439.809326171875 1439.950439453125 1439.7744140625 1445.5643310546875 1449.79052734375 1458.1988525390625 1464.2943115234375 1492.746337890625 1507.7291259765625 1497.5828857421875 1425.7464599609375 1408.625 1395.234130859375 1402.31884765625 1397.0946044921875 1377.4486083984375 1390.3426513671875 1375.1170654296875 1383.7952880859375 1384.2340087890625 1367.8985595703125 1354.2747802734375 1340.8603515625 1299.005615234375 1357.1824951171875 1352.312744140625 1348.295166015625 1349.90185546875 1331.1484375 1364.5555419921875 1376.4698486328125 1382.39208984375
1588.679931640625 1572.7315673828125 1573.182373046875 1606.2098388671875 1564.517333984375 1727.245849609375 1711.7435302734375 1754.239501953125 1502.77783203125 1457.724609375 1442.90380859375 1427.45068359375 1427.8739013671875 1425.429443359375 1428.4637451171875 1441.137939453125 1450.634033203125 1459.8155517578125 1476.867431640625 1492.455810546875 1501.572021484375 1519.694091796875 1488.723388671875 1399.7039794921875 1388.617431640625 1395.5054931640625 1397.70947265625 1375.1539306640625 1377.597900390625 1361.8912353515625 1356.6719970703125 1329.84716796875 1323.5274658203125 1313.6290283203125 1313.3092041015625 1297.79443359375 1318.317626953125 1342.18212890625 1331.2354736328125 1328.6781005859375 1330.81396484375 1311.9825439453125 1356.561767578125 1329.188232421875
1548.3909912109375 1547.2408447265625 1572.403564453125 1588.2664794921875 1857.1895751953125 1843.797607421875 1830.1435546875 1831.720947265625 1611.214111328125 1464.6861572265625 1439.756591796875 1427.5531005859375 1427.569580078125 1410.8995361328125 1416.8408203125 1433.83447265625 1440.7843017578125 1455.10400390625 1476.9654541015625 1488.499267578125 1498.1112060546875 1481.306640625 1399.1060791015625 1390.0218505859375 1378.6964111328125 1388.5491943359375 1392.29541015625 1363.9400634765625 1377.864990234375 1388.74169921875 1378.734619140625 1424.6826171875 1406.7020263671875 1364.878173828125 1392.4892578125 1355.4803466796875 1317.4798583984375 1298.222900390625 1296.6043701171875 1297.629638671875 1305.529296875 1295.7469482421875 1300.9716796875 1323.80224609375
1574.5113525390625 1539.38134765625 1603.8895263671875 1831.1959228515625 1821.9515380859375 1829.97314453125 1685.849853515625 1493.9276123046875 1464.2447509765625 1453.0587158203125 1445.4390869140625 1436.5909423828125 1427.8551025390625 1415.37451171875 1406.6220703125 1427.4530029296875 1439.029052734375 1453.1044921875 1474.243408203125 1489.0340576171875 1445.763671875 1402.277099609375 1394.9002685546875 1377.089111328125 1375.1866455078125 1381.600341796875 1363.748046875 1355.757568359375 1366.32958984375 1352.3717041015625 1379.670166015625 1382.8994140625 1400.885009765625 1407.2572021484375 1426.0546875 1411.5919189453125 1320.4407958984375 1361.410888671875 1314.527587890625 1304.893798828125 1325.4444580078125 1331.5185546875 1317.469970703125 1290.517578125
1524.9180908203125 1666.5465087890625 1789.4542236328125 1592.6474609375 1575.36181640625 1716.6357421875 1814.2352294921875 1471.892333984375 1424.827392578125 1427.9005126953125 1436.928466796875 1427.3162841796875 1425.268310546875 1415.37109375 1418.235107421875 1426.04150390625 1442.7413330078125 1453.337158203125 1463.9332275390625 1395.050048828125 1378.7435302734375 1363.887451171875 1366.3436279296875 1361.8658447265625 1375.90625 1382.970947265625 1395.96240234375 1366.9371337890625 1348.90576171875 1343.818603515625 1359.9166259765625 1379.5299072265625 1390.063232421875 1401.4454345703125 1406.0518798828125 1368.9359130859375 1317.16552734375 1305.12109375 1305.2626953125 1329.397705078125 1333.935302734375 1355.0413818359375 1355.9093017578125 1343.6748046875
