autonomous_map_creation/Utah/USGS/n39w111_10m_129.asc
ncols        129
nrows        129
xllcorner    499951.223334768729
yllcorner    4205751.607676603831
dx           681.439425329654
dy           864.827426540997
NODATA_value  -3.4028234663852885981e+38
[rows 80 to 99 of 129, columns 0 to 43 of 129]
1749.8262939453125 1720.695068359375 1769.889892578125 1534.248291015625 1450.2708740234375 1507.5927734375 1806.466552734375 1512.11474609375 1414.7490234375 1399.4771728515625 1391.40234375 1402.425537109375 1402.2818603515625 1416.7213134765625 1396.3408203125 1415.6636962890625 1435.328125 1442.5096435546875 1450.1575927734375 1369.945556640625 1353.9383544921875 1348.0836181640625 1363.2835693359375 1354.8607177734375 1366.8013916015625 1384.9183349609375 1402.9395751953125 1351.1917724609375 1342.0325927734375 1338.4150390625 1353.85888671875 1372.5057373046875 1327.5859375 1321.1492919921875 1313.407958984375 1305.5284423828125 1305.0445556640625 1305.5303955078125 1310.0789794921875 1349.67822265625 1361.7049560546875 1368.3326416015625 1366.7498779296875 1358.3162841796875
1777.81201171875 1687.126708984375 1438.47216796875 1428.9652099609375 1444.706787109375 1448.7078857421875 1474.514892578125 1439.7122802734375 1399.486572265625 1384.8848876953125 1378.4779052734375 1378.7696533203125 1390.8638916015625 1403.4486083984375 1406.8292236328125 1361.1053466796875 1379.090087890625 1443.9173583984375 1443.4779052734375 1353.94873046875 1347.3575439453125 1344.5513916015625 1344.1552734375 1347.3184814453125 1371.8170166015625 1395.482421875 1351.7210693359375 1335.4508056640625 1330.2730712890625 1338.1414794921875 1342.036376953125 1338.4615478515625 1321.152099609375 1313.8232421875 1315.0340576171875 1316.8558349609375 1312.5736083984375 1313.83349609375 1318.9073486328125 1351.52783203125 1381.0059814453125 1393.905517578125 1391.0604248046875 1391.5076904296875
1601.9183349609375 1740.444580078125 1438.916259765625 1413.537841796875 1401.642578125 1403.6201171875 1419.013427734375 1403.5625 1380.7518310546875 1372.7318115234375 1378.3011474609375 1364.8372802734375 1395.5592041015625 1409.4801025390625 1429.2940673828125 1372.99462890625 1384.4307861328125 1350.254150390625 1347.8834228515625 1346.51123046875 1342.1739501953125 1341.573974609375 1369.720458984375 1340.2191162109375 1341.521240234375 1330.7440185546875 1334.83837890625 1325.408203125 1365.7099609375 1362.1588134765625 1365.392578125 1370.3900146484375 1330.29736328125 1332.5633544921875 1390.893310546875 1328.16845703125 1318.548095703125 1347.4364013671875 1339.158935546875 1366.859130859375 1391.1436767578125 1414.76953125 1403.96728515625 1398.668212890625
1439.8125 1502.290283203125 1543.4381103515625 1410.9378662109375 1390.3516845703125 1400.662353515625 1385.8209228515625 1376.9228515625 1371.383544921875 1378.218017578125 1399.185791015625 1408.358154296875 1404.6923828125 1362.3406982421875 1358.2967529296875 1428.478271484375 1352.06787109375 1352.394775390625 1373.487548828125 1353.5792236328125 1345.9134521484375 1381.013671875 1367.4427490234375 1375.7447509765625 1384.6656494140625 1363.4168701171875 1373.649658203125 1341.7742919921875 1358.75244140625 1380.4364013671875 1375.3287353515625 1369.1005859375 1379.1536865234375 1407.9434814453125 1413.741455078125 1329.0780029296875 1323.167724609375 1340.567626953125 1355.5333251953125 1370.3466796875 1389.6649169921875 1402.4686279296875 1389.5413818359375 1384.456787109375
1415.71435546875 1402.662841796875 1395.3673095703125 1387.5087890625 1382.28173828125 1379.2598876953125 1383.31689453125 1389.67822265625 1433.934814453125 1446.543212890625 1446.433837890625 1390.482177734375 1422.8287353515625 1411.628662109375 1367.5936279296875 1444.101806640625 1453.21728515625 1477.9029541015625 1364.6875 1354.385498046875 1387.981201171875 1382.539306640625 1381.0413818359375 1371.1978759765625 1386.0242919921875 1389.1121826171875 1354.5379638671875 1352.06103515625 1354.6241455078125 1427.45751953125 1366.291748046875 1363.8623046875 1391.208740234375 1399.3455810546875 1356.547607421875 1333.14208984375 1330.2481689453125 1334.3697509765625 1364.7838134765625 1383.2467041015625 1414.89697265625 1383.4588623046875 1370.4288330078125 1354.8101806640625
1394.2156982421875 1390.2628173828125 1402.07275390625 1399.284423828125 1403.0244140625 1403.18017578125 1412.5406494140625 1428.35595703125 1420.4322509765625 1420.49267578125 1411.9974365234375 1414.527587890625 1474.4827880859375 1413.09130859375 1363.71435546875 1440.500732421875 1464.08642578125 1485.8328857421875 1371.260986328125 1394.626708984375 1447.47119140625 1402.91455078125 1389.755615234375 1390.9647216796875 1393.273193359375 1396.5439453125 1371.2174072265625 1360.8302001953125 1367.8125 1392.2369384765625 1363.0037841796875 1371.5924072265625 1387.5877685546875 1398.3184814453125 1342.703369140625 1340.3970947265625 1358.951416015625 1341.21142578125 1353.2117919921875 1379.2161865234375 1393.7056884765625 1379.16015625 1353.24169921875 1354.11865234375
1545.4658203125 1558.2723388671875 1411.11328125 1436.206298828125 1443.0631103515625 1496.4383544921875 1506.312744140625 1808.4273681640625 1464.2484130859375 1433.889404296875 1425.020263671875 1454.256591796875 1414.9783935546875 1385.2076416015625 1418.016357421875 1450.6756591796875 1459.5975341796875 1389.51904296875 1388.740478515625 1452.303466796875 1543.6158447265625 1476.3375244140625 1410.422119140625 1403.1451416015625 1390.0657958984375 1394.3126220703125 1401.2320556640625 1413.5841064453125 1375.9757080078125 1388.953857421875 1377.235595703125 1377.4503173828125 1395.505859375 1358.8348388671875 1379.04296875 1366.669677734375 1397.8974609375 1358.419921875 1364.272705078125 1380.7384033203125 1397.92041015625 1366.4693603515625 1356.365966796875 1372.68212890625
1707.7557373046875 1425.7213134765625 1436.9525146484375 1455.2783203125 1774.0244140625 1782.01953125 1804.7911376953125 1531.468994140625 1450.6533203125 1439.6583251953125 1464.5093994140625 1403.0621337890625 1385.0855712890625 1405.536376953125 1427.4263916015625 1439.9598388671875 1399.8656005859375 1462.2545166015625 1390.2684326171875 1420.802734375 1539.5010986328125 1545.51708984375 1502.647705078125 1416.2506103515625 1399.78173828125 1393.146728515625 1411.0672607421875 1427.1602783203125 1396.2119140625 1378.7652587890625 1380.9471435546875 1415.2176513671875 1403.7528076171875 1382.41650390625 1403.9903564453125 1405.9661865234375 1425.3201904296875 1381.46923828125 1376.673095703125 1389.1256103515625 1368.07470703125 1366.54296875 1378.975830078125 1377.538818359375
1452.5831298828125 1452.87548828125 1735.0748291015625 1773.059814453125 1779.998291015625 1805.86767578125 1615.970458984375 1454.8416748046875 1426.2376708984375 1412.8280029296875 1401.288330078125 1392.134521484375 1403.2000732421875 1428.0076904296875 1437.488525390625 1451.1495361328125 1429.0064697265625 1445.614990234375 1489.932861328125 1437.2274169921875 1457.5079345703125 1537.4862060546875 1496.24462890625 1427.1229248046875 1406.6077880859375 1404.348388671875 1413.88037109375 1427.8880615234375 1389.78662109375 1387.2840576171875 1396.0625 1414.6707763671875 1399.570556640625 1400.759521484375 1419.8768310546875 1427.709716796875 1453.9791259765625 1402.71484375 1389.355224609375 1378.942626953125 1376.0130615234375 1372.3912353515625 1391.0208740234375 1384.498779296875
1478.5819091796875 1519.365478515625 1770.3692626953125 1784.886962890625 1792.8538818359375 1793.1025390625 1476.433837890625 1470.8236083984375 1439.666748046875 1442.09716796875 1408.5799560546875 1401.455322265625 1427.2510986328125 1439.685546875 1453.477783203125 1460.630615234375 1444.99365234375 1478.221923828125 1471.418701171875 1505.02685546875 1518.9141845703125 1532.1878662109375 1543.827392578125 1438.369140625 1414.113525390625 1404.8929443359375 1415.124755859375 1426.4932861328125 1432.0228271484375 1391.3782958984375 1403.18115234375 1412.248779296875 1403.1429443359375 1402.0345458984375 1422.5755615234375 1452.6390380859375 1455.6162109375 1403.0985107421875 1391.2191162109375 1390.943359375 1391.2442626953125 1385.2850341796875 1391.36669921875 1378.9957275390625
1579.464111328125 1658.96337890625 1763.3887939453125 1781.089599609375 1802.1259765625 1732.943359375 1488.614501953125 1468.329833984375 1427.9229736328125 1428.2684326171875 1408.4832763671875 1412.00634765625 1439.9554443359375 1452.6571044921875 1461.4881591796875 1475.1617431640625 1465.40234375 1438.2503662109375 1486.283447265625 1491.8052978515625 1501.8658447265625 1523.100830078125 1526.095703125 1441.9776611328125 1416.15185546875 1423.8175048828125 1424.238037109375 1437.070068359375 1418.683837890625 1403.34814453125 1409.003662109375 1427.4029541015625 1409.7984619140625 1416.5709228515625 1441.116455078125 1450.4705810546875 1416.892333984375 1398.4234619140625 1401.313720703125 1397.9005126953125 1399.2020263671875 1403.19384765625 1394.255126953125 1393.053955078125
1763.5211181640625 1768.9432373046875 1781.2921142578125 1781.6737060546875 1671.1650390625 1667.590087890625 1482.0833740234375 1466.2801513671875 1439.135009765625 1417.2095947265625 1438.650390625 1439.529541015625 1438.754150390625 1437.8447265625 1471.3043212890625 1474.0418701171875 1483.9190673828125 1478.6392822265625 1467.620849609375 1478.4522705078125 1476.2249755859375 1486.869140625 1511.403564453125 1439.025390625 1431.2938232421875 1429.646728515625 1428.9022216796875 1445.660888671875 1427.666259765625 1435.73974609375 1417.4593505859375 1407.6015625 1413.1546630859375 1425.6927490234375 1435.3515625 1418.5357666015625 1411.2066650390625 1414.939453125 1405.200927734375 1403.8641357421875 1403.1444091796875 1408.07861328125 1405.9923095703125 1403.143310546875
1770.2261962890625 1772.2628173828125 1774.426513671875 1792.291015625 1484.81982421875 1477.35791015625 1451.3704833984375 1437.984375 1423.9193115234375 1430.7391357421875 1468.180419921875 1468.72998046875 1451.0416259765625 1464.4609375 1474.64404296875 1485.3580322265625 1481.7998046875 1453.7664794921875 1479.7489013671875 1478.9659423828125 1484.8583984375 1494.210693359375 1511.016845703125 1465.0606689453125 1449.54638671875 1439.8648681640625 1440.9324951171875 1454.7569580078125 1444.3267822265625 1435.3985595703125 1426.379638671875 1426.113037109375 1425.799072265625 1438.1685791015625 1437.067138671875 1426.180908203125 1451.1541748046875 1437.486328125 1412.280517578125 1414.402587890625 1414.720947265625 1424.74462890625 1420.1591796875 1415.2542724609375
1547.8321533203125 1536.4014892578125 1544.166259765625 1678.244873046875 1476.195556640625 1448.583740234375 1446.03662109375 1437.7440185546875 1435.1221923828125 1451.9215087890625 1488.5718994140625 1480.162841796875 1454.7000732421875 1475.793701171875 1478.8328857421875 1496.60693359375 1501.1036376953125 1474.1065673828125 1477.6380615234375 1482.2552490234375 1489.0302734375 1495.1982421875 1512.50244140625 1475.0142822265625 1452.36083984375 1448.1737060546875 1451.463134765625 1456.137939453125 1460.8748779296875 1450.3768310546875 1452.286865234375 1439.7716064453125 1435.2166748046875 1440.23486328125 1439.3731689453125 1440.6304931640625 1442.9713134765625 1427.168701171875 1436.7236328125 1434.1044921875 1434.5762939453125 1444.8529052734375 1485.1297607421875 1432.197021484375
1519.4088134765625 1500.4232177734375 1488.598876953125 1470.0938720703125 1484.8785400390625 1453.349609375 1461.305908203125 1451.7830810546875 1448.6966552734375 1451.521240234375 1488.7899169921875 1476.2818603515625 1476.5672607421875 1468.125 1492.12060546875 1501.376708984375 1504.8116455078125 1478.353759765625 1487.408935546875 1489.2679443359375 1492.859130859375 1500.5556640625 1500.942626953125 1472.330810546875 1472.6231689453125 1463.2379150390625 1463.9986572265625 1468.336181640625 1485.4783935546875 1467.2833251953125 1470.83349609375 1454.090087890625 1451.720458984375 1451.4080810546875 1450.2227783203125 1474.645751953125 1438.7738037109375 1450.545166015625 1491.8411865234375 1441.1380615234375 1451.8836669921875 1463.7752685546875 1465.72802734375 1440.26220703125
1510.9735107421875 1497.2156982421875 1484.505615234375 1477.16162109375 1503.9237060546875 1452.6981201171875 1486.3836669921875 1464.1868896484375 1449.0479736328125 1464.1981201171875 1485.5343017578125 1484.0589599609375 1501.06103515625 1485.623779296875 1501.20849609375 1519.124755859375 1497.5457763671875 1487.6849365234375 1500.028564453125 1497.0853271484375 1498.898193359375 1509.7806396484375 1507.8717041015625 1498.5556640625 1514.3924560546875 1499.4732666015625 1482.1346435546875 1488.8712158203125 1493.1883544921875 1477.6990966796875 1482.398193359375 1474.4456787109375 1464.7445068359375 1459.64404296875 1466.0491943359375 1460.26416015625 1452.25390625 1475.512939453125 1467.084228515625 1459.8492431640625 1523.7874755859375 1486.3992919921875 1457.5936279296875 1446.973876953125
1516.0814208984375 1500.4342041015625 1511.96630859375 1496.093505859375 1493.1224365234375 1463.1632080078125 1488.3919677734375 1476.619873046875 1463.9390869140625 1475.1981201171875 1461.6571044921875 1474.999267578125 1500.6802978515625 1500.856201171875 1521.58203125 1526.26025390625 1498.3035888671875 1497.049072265625 1510.6536865234375 1506.4718017578125 1511.973876953125 1519.8157958984375 1521.66162109375 1509.0809326171875 1525.0103759765625 1535.393798828125 1502.302001953125 1501.122314453125 1531.0286865234375 1526.8154296875 1488.6893310546875 1485.1778564453125 1476.108154296875 1488.2666015625 1476.248046875 1453.011474609375 1479.6617431640625 1479.1885986328125 1471.7025146484375 1476.291748046875 1526.0369873046875 1474.2659912109375 1464.66015625 1451.8548583984375
1537.201171875 1527.2052001953125 1532.2698974609375 1490.95556640625 1498.1304931640625 1503.9986572265625 1489.2340087890625 1476.1248779296875 1473.9659423828125 1500.772705078125 1474.7630615234375 1488.396240234375 1522.722412109375 1506.113525390625 1525.1318359375 1532.8719482421875 1509.234130859375 1508 1513.06005859375 1516.171630859375 1522.2083740234375 1525.7071533203125 1537.7662353515625 1538.5677490234375 1519.3944091796875 1538.6412353515625 1511.330078125 1512.837158203125 1539.2879638671875 1551.677490234375 1509.74462890625 1499.916748046875 1495.43505859375 1498.1798095703125 1495.9273681640625 1489.8941650390625 1501.15380859375 1485.2596435546875 1491.140380859375 1507.737548828125 1499.8092041015625 1501.7462158203125 1475.2186279296875 1463.4119873046875
1584.1407470703125 1537.4285888671875 1526.30078125 1527.2596435546875 1490.9305419921875 1487.8463134765625 1506.0137939453125 1488.44970703125 1486.8123779296875 1487.6143798828125 1488.5894775390625 1487.685791015625 1500.1551513671875 1522.1064453125 1530.3619384765625 1547.6048583984375 1524.977783203125 1524.746337890625 1525.2410888671875 1531.0596923828125 1536.0101318359375 1546.3267822265625 1549.747314453125 1560.19580078125 1546.177978515625 1564.0504150390625 1536.3067626953125 1540.7799072265625 1563.107666015625 1566.5892333984375 1517.8408203125 1517.6175537109375 1519.9969482421875 1522.0291748046875 1516.71142578125 1506.587646484375 1508.5054931640625 1525.16845703125 1515.50341796875 1512.955810546875 1528.3017578125 1516.2218017578125 1478.8936767578125 1473.888916015625
1566.211669921875 1549.5887451171875 1527.036376953125 1524.992431640625 1488.3631591796875 1537.51123046875 1500.7452392578125 1500.6055908203125 1498.9959716796875 1500.1455078125 1502.7305908203125 1503.0472412109375 1513.42578125 1536.9573974609375 1543.5281982421875 1568.719482421875 1538.1619873046875 1542.746826171875 1549.33349609375 1547.9407958984375 1548.0179443359375 1560.7935791015625 1574.03515625 1583.197265625 1597.635498046875 1585.7332763671875 1563.4266357421875 1576.17578125 1589.436279296875 1583.950439453125 1540.3763427734375 1538.031494140625 1543.0015869140625 1543.8690185546875 1539.1370849609375 1535.031494140625 1519.4876708984375 1529.6781005859375 1543.04736328125 1542.4404296875 1527.2860107421875 1497.2708740234375 1490.3045654296875 1477.40380859375
