autonomous_map_creation/Utah/USGS/n39w111_10m_129.asc
ncols        129
nrows        129
xllcorner    499951.223334768729
yllcorner    4205751.607676603831
dx           681.439425329654
dy           864.827426540997
NODATA_value  -3.4028234663852885981e+38
[rows 20 to 39 of 129, columns 44 to 87 of 129]
1995.8326416015625 2002.2454833984375 2012.2071533203125 2013.720458984375 2043.6116943359375 1989.0130615234375 1977.1177978515625 1907.97509765625 1913.0933837890625 1949.0948486328125 1952.9920654296875 1929.6800537109375 1918.9228515625 1942.488037109375 1945.9051513671875 1933.453125 1950.7340087890625 1942.1881103515625 1912.458251953125 1892.471923828125 1853.5030517578125 1789.1966552734375 1699.7978515625 1603.74267578125 1371.3033447265625 1355.081787109375 1359.4583740234375 1331.9000244140625 1318.07958984375 1319.140380859375 1301.751953125 1300.753173828125 1298.49609375 1287.2322998046875 1277.48193359375 1278.080810546875 1274.26806640625 1308.474609375 1344.2755126953125 1342.620361328125 1346.472900390625 1333.218994140625 1327.736572265625 1342.2127685546875
1996.24755859375 1992.4649658203125 1986.41650390625 2016.06103515625 2010.4676513671875 1961.3995361328125 1990.039794921875 1976.069091796875 1978.7596435546875 1913.8638916015625 1972.001708984375 1851.65185546875 1942.970458984375 2003.224609375 2038.004638671875 1971.4798583984375 1924.014404296875 1937.9466552734375 1916.177001953125 1872.72607421875 1833.7099609375 1821.58056640625 1640.080810546875 1574.1961669921875 1359.2069091796875 1341.31103515625 1337.531494140625 1329.39501953125 1314.0242919921875 1307.185791015625 1316.893798828125 1306.0062255859375 1292.9276123046875 1298.8076171875 1305.175537109375 1285.1329345703125 1271.8165283203125 1279.3201904296875 1300.9652099609375 1331.302978515625 1358.2425537109375 1350.4464111328125 1351.5552978515625 1350.3580322265625
2011.2762451171875 2048.27685546875 2031.515869140625 1978.9285888671875 2000.4366455078125 2004.1494140625 2001.018310546875 1975.8670654296875 1974.2249755859375 1962.3277587890625 1888.9625244140625 1947.3155517578125 1914.049560546875 1948.840087890625 1983.2750244140625 1982.161376953125 2035.7608642578125 1963.0775146484375 1926.0955810546875 1897.1651611328125 1848.742431640625 1801.8525390625 1543.474609375 1411.6878662109375 1368.7987060546875 1351.9305419921875 1343.0797119140625 1331.567138671875 1329.982666015625 1318.3001708984375 1317.5518798828125 1317.403076171875 1310.9522705078125 1312.2005615234375 1300.8946533203125 1282.5184326171875 1276.0882568359375 1281.0211181640625 1296.8165283203125 1351.9864501953125 1364.7587890625 1366.58056640625 1328.8179931640625 1320.49365234375
2025.636962890625 2033.3807373046875 2063.541015625 2029.859375 2033.03173828125 2092.98095703125 2006.9969482421875 1988.0701904296875 1994.4727783203125 1973.5802001953125 1941.112548828125 1936.761962890625 1913.0029296875 1918.8056640625 1959.0675048828125 1942.468505859375 1964.7152099609375 1961.312255859375 1930.291015625 1903.5675048828125 1867.7215576171875 1769.1641845703125 1617.4635009765625 1387.0634765625 1368.8946533203125 1355.29541015625 1339.564453125 1340.8533935546875 1334.9910888671875 1330.5906982421875 1322.164794921875 1317.2532958984375 1315.4625244140625 1315.62060546875 1298.410888671875 1276.4249267578125 1269.630126953125 1280.6846923828125 1287.3382568359375 1295.3358154296875 1323.352783203125 1305.3017578125 1330.01806640625 1354.27490234375
2054.1484375 2047.3896484375 2015.9498291015625 2007.22314453125 2016.2479248046875 1995.70947265625 1976.377197265625 1989.1326904296875 1979.8818359375 1956.0211181640625 1943.2489013671875 1938.6109619140625 1933.765869140625 1784.0177001953125 1932.6114501953125 1949.8203125 1953.818603515625 1925.7783203125 1899.1429443359375 1872.37109375 1789.20556640625 1583.442138671875 1423.5145263671875 1385.6533203125 1366.83447265625 1356.067626953125 1350.548583984375 1341.7269287109375 1336.2957763671875 1329.8565673828125 1328.29833984375 1313.5780029296875 1315.1929931640625 1331.1788330078125 1288.9676513671875 1308.4276123046875 1271.1253662109375 1264.7139892578125 1287.701171875 1276.92919921875 1293.6661376953125 1294.7667236328125 1325.8707275390625 1365.357177734375
2066.8896484375 2090.632568359375 2017.636962890625 2015.618408203125 2022.4912109375 1989.33984375 1941.1341552734375 1952.846923828125 1932.5362548828125 1923.500244140625 1917.88037109375 1898.6790771484375 1876.8953857421875 1727.8814697265625 1889.47607421875 1854.108642578125 1903.25537109375 1887.1580810546875 1850.203125 1796.6456298828125 1620.2017822265625 1448.1531982421875 1392.931396484375 1381.213623046875 1365.5526123046875 1353.962646484375 1353.150390625 1364.9210205078125 1351.9141845703125 1342.3343505859375 1334.28076171875 1320.6627197265625 1294.917724609375 1293.14453125 1303.4642333984375 1328.321044921875 1325.17724609375 1270.8883056640625 1272.3421630859375 1277.2119140625 1282.8778076171875 1295.026123046875 1308.053466796875 1305.2147216796875
2002.67236328125 1999.9608154296875 2011.569091796875 2076.967529296875 1976.1414794921875 1950.0916748046875 1949.3868408203125 1929.8590087890625 1917.2301025390625 1877.1871337890625 1877.532470703125 1858.2672119140625 1848.2359619140625 1848.7789306640625 1863.284423828125 1816.5657958984375 1756.4593505859375 1690.1251220703125 1590.2882080078125 1474.492919921875 1567.118896484375 1377.760009765625 1373.5350341796875 1359.1463623046875 1363.37939453125 1356.5311279296875 1349.28466796875 1348.5540771484375 1349.46142578125 1358.1781005859375 1342.2108154296875 1309.427978515625 1289.3387451171875 1288.3258056640625 1294.855712890625 1313.701904296875 1297.470458984375 1277.7845458984375 1269.6331787109375 1267.335205078125 1292.495849609375 1275.239501953125 1308.5821533203125 1328.5623779296875
2003.2001953125 1974.8902587890625 1976.3367919921875 1952.4539794921875 1980.955810546875 1972.333740234375 1917.154296875 1918.2349853515625 1901.66650390625 1950.7152099609375 1867.5411376953125 1847.624267578125 1816.7071533203125 1793.4722900390625 1757.357421875 1711.693115234375 1636.7275390625 1506.9610595703125 1388.6541748046875 1587.7366943359375 1460.1722412109375 1361.18603515625 1363.737548828125 1356.710693359375 1342.13720703125 1362.1732177734375 1361.1846923828125 1337.078857421875 1331.8812255859375 1334.891845703125 1331.5814208984375 1303.7294921875 1305.9146728515625 1299.280517578125 1295.3931884765625 1294.5386962890625 1288.4500732421875 1297.01806640625 1276.7484130859375 1268.923828125 1270.9776611328125 1279.2816162109375 1304.8720703125 1317.5872802734375
1985.3603515625 1968.4622802734375 1948.77685546875 1954.68701171875 1953.42578125 1926.7718505859375 1899.7442626953125 1907.7913818359375 1875.4951171875 1848.47314453125 1892.4951171875 1863.4345703125 1772.2764892578125 1740.2738037109375 1683.82763671875 1586.8941650390625 1452.275634765625 1741.292236328125 1521.0274658203125 1516.279296875 1416.3187255859375 1360.0023193359375 1340.395751953125 1341.4993896484375 1337.521484375 1334.68115234375 1335.894775390625 1325.8497314453125 1320.29833984375 1347.995849609375 1301.3128662109375 1294.91552734375 1320.4561767578125 1315.3033447265625 1299.461181640625 1275.8311767578125 1279.2681884765625 1274.735107421875 1266.28955078125 1270.010986328125 1261.8446044921875 1267.42626953125 1286.2784423828125 1301.5174560546875
1965.6055908203125 1963.1260986328125 1940.2452392578125 1927.07275390625 1929.866943359375 1899.8631591796875 1897.210205078125 1855.535400390625 1823.566650390625 1800.3206787109375 1798.7235107421875 1779.1732177734375 1861.329833984375 1859.5369873046875 1713.8271484375 1644.8497314453125 1574.440673828125 1580.64013671875 1486.383544921875 1450.525390625 1375.22509765625 1354.7286376953125 1341.6600341796875 1338.398681640625 1332.510009765625 1328.101318359375 1317.035888671875 1318.5625 1355.2801513671875 1335.2685546875 1371.5191650390625 1364.3931884765625 1341.6766357421875 1325.22900390625 1311.2137451171875 1296.887939453125 1280.474609375 1282.0244140625 1285.16259765625 1266.862548828125 1259.4268798828125 1270.3145751953125 1282.4661865234375 1297.126708984375
1936.57958984375 1928.0079345703125 1917.122314453125 1897.183349609375 1867.3516845703125 1867.9775390625 1885.604248046875 1815.954833984375 1777.861083984375 1758.80224609375 1727.62451171875 1766.4090576171875 1797.280029296875 1862.00341796875 1913.2718505859375 1783.8428955078125 1642.3968505859375 1577.6923828125 1492.338623046875 1449.986328125 1403.915771484375 1379.9013671875 1356.858154296875 1359.75732421875 1346.5736083984375 1334.2906494140625 1333.434814453125 1333.947998046875 1339.6961669921875 1359.144287109375 1380.0823974609375 1384.24658203125 1343.837890625 1365.419189453125 1367.02490234375 1315.1995849609375 1305.4544677734375 1299.4730224609375 1290.996826171875 1267.9334716796875 1259.5888671875 1264.8575439453125 1278.5029296875 1287.974609375
1902.9366455078125 1912.6561279296875 1899.076171875 1896.435791015625 1865.4393310546875 1860.355224609375 1805.1031494140625 1788.377197265625 1742.676513671875 1713.3739013671875 1673.1142578125 1702.6485595703125 1790.3984375 1791.3157958984375 1750.573486328125 1616.9637451171875 1598.6326904296875 1553.3037109375 1410.7723388671875 1404.1375732421875 1389.564208984375 1383.9676513671875 1367.2646484375 1368.73486328125 1365.770263671875 1354.5440673828125 1353.8583984375 1362.893310546875 1377.763916015625 1375.9080810546875 1366.4208984375 1359.914794921875 1369.756103515625 1394.4580078125 1352.6270751953125 1357.9447021484375 1374.2650146484375 1376.0743408203125 1382.8804931640625 1286.4808349609375 1263.2425537109375 1254.626220703125 1253.9854736328125 1276.103515625
1878.6865234375 1864.9468994140625 1858.7835693359375 1848.095458984375 1818.52197265625 1838.8717041015625 1781.6788330078125 1720.526611328125 1682.44287109375 1612.7109375 1622.642333984375 1787.8023681640625 1824.2999267578125 1738.5277099609375 1613.7685546875 1573.1324462890625 1506.1351318359375 1415.6925048828125 1467.20947265625 1432.42529296875 1377.75146484375 1387.106201171875 1393.122314453125 1401.1339111328125 1402.7537841796875 1414.601318359375 1430.000732421875 1428.322021484375 1415.52197265625 1391.109375 1392.5904541015625 1407.3892822265625 1407.3460693359375 1405.8028564453125 1396.464111328125 1390.9630126953125 1367.4468994140625 1356.2301025390625 1339.9947509765625 1318.2210693359375 1279.5118408203125 1267.0596923828125 1262.1641845703125 1256.092041015625
1864.8284912109375 1863.9669189453125 1835.482666015625 1819.9146728515625 1805.2862548828125 1725.538330078125 1770.7681884765625 1659.3558349609375 1679.210205078125 1784.4622802734375 1663.9744873046875 1600.9259033203125 1756.48291015625 1638.7100830078125 1542.4781494140625 1488.9130859375 1501.1563720703125 1485.3291015625 1444.8387451171875 1421.7431640625 1411.91162109375 1391.830078125 1414.8682861328125 1451.96484375 1448.2322998046875 1442.2064208984375 1429.5926513671875 1420.1243896484375 1413.8177490234375 1421.1175537109375 1417.0279541015625 1409.135009765625 1386.865966796875 1377.8017578125 1369.2490234375 1373.5308837890625 1348.63232421875 1318.8275146484375 1308.4964599609375 1297.8995361328125 1275.8406982421875 1287.2227783203125 1297.1552734375 1273.1925048828125
1917.4554443359375 1844.5093994140625 1784.0660400390625 1759.50732421875 1730.586669921875 1673.4017333984375 1660.7362060546875 1637.1324462890625 1669.5250244140625 1815.9332275390625 1796.5478515625 1723.817626953125 1681.792724609375 1570.675048828125 1506.0809326171875 1538.5517578125 1485.653076171875 1461.326171875 1439.6513671875 1424.77978515625 1421.3953857421875 1444.3175048828125 1448.3017578125 1450.776123046875 1439.17578125 1427.5047607421875 1417.841064453125 1402.0162353515625 1411.8533935546875 1415.596435546875 1404.1888427734375 1392.5203857421875 1377.5279541015625 1343.1971435546875 1331.0633544921875 1326.31689453125 1313.539794921875 1298.025390625 1282.7652587890625 1294.1536865234375 1322.937255859375 1382.7000732421875 1354.3092041015625 1294.1787109375
1813.8043212890625 1803.208984375 1754.496337890625 1725.4410400390625 1652.398681640625 1665.70556640625 1635.623779296875 1668.470703125 1669.4283447265625 1787.5318603515625 1714.283935546875 1693.8082275390625 1657.8857421875 1555.48974609375 1547.201171875 1487.3125 1477.6575927734375 1452.171875 1436.3548583984375 1410.702392578125 1424.0789794921875 1426.695068359375 1438.2066650390625 1442.069580078125 1413.7744140625 1402.5540771484375 1390.625244140625 1378.8165283203125 1385.318603515625 1386.91259765625 1376.76416015625 1366.7508544921875 1346.8115234375 1334.2083740234375 1331.4185791015625 1326.033203125 1320.554443359375 1303.7318115234375 1324.5977783203125 1323.9830322265625 1323.9705810546875 1339.5577392578125 1352.9725341796875 1337.0645751953125
1860.4432373046875 1829.4349365234375 1804.17236328125 1770.154052734375 1765.67041015625 1660.0875244140625 1725.37890625 1578.921875 1589.366455078125 1712.94970703125 1700.8387451171875 1648.708740234375 1557.1475830078125 1551.4232177734375 1514.0244140625 1487.598388671875 1470.736328125 1469.6190185546875 1450.631591796875 1439.68310546875 1435.97509765625 1435.9234619140625 1437.7003173828125 1452.1959228515625 1469.404052734375 1405.8414306640625 1387.463623046875 1367.54150390625 1362.7724609375 1356.7144775390625 1353.2369384765625 1344.602294921875 1338.6165771484375 1336.650634765625 1325.2904052734375 1316.2432861328125 1312.913818359375 1329.390625 1329.5096435546875 1327.844482421875 1333.9779052734375 1343.55126953125 1374.77490234375 1360.7564697265625
1804.2196044921875 1789.1688232421875 1755.37646484375 1859.688232421875 1829.157958984375 1904.5543212890625 1806.4378662109375 1782.609619140625 1734.11865234375 1711.33837890625 1644.1239013671875 1641.9053955078125 1582.0272216796875 1521.23779296875 1495.30126953125 1481.0064697265625 1469.12255859375 1476.6739501953125 1448.9993896484375 1448.9599609375 1438.39501953125 1439.4849853515625 1440.3642578125 1448.73046875 1466.0126953125 1457.80615234375 1378.135498046875 1364.256103515625 1355.789306640625 1351.8458251953125 1342.9798583984375 1336.41455078125 1348.600341796875 1333.1597900390625 1319.347900390625 1320.2830810546875 1371.923095703125 1347.7275390625 1332.8565673828125 1338.6666259765625 1348.6549072265625 1379.1060791015625 1364.04345703125 1330.3095703125
1766.362548828125 1735.3267822265625 1740.4720458984375 1799.0479736328125 1770.808837890625 1739.271240234375 1805.0718994140625 1734.3369140625 1709.947265625 1651.847412109375 1614.1405029296875 1495.894775390625 1537.4039306640625 1500.6319580078125 1485.4052734375 1477.9429931640625 1466.604736328125 1448.8355712890625 1464.2454833984375 1451.9144287109375 1446.323486328125 1451.88232421875 1451.6783447265625 1451.772216796875 1451.029296875 1441.3846435546875 1414.693603515625 1378.3148193359375 1359.35107421875 1349.223388671875 1342.2259521484375 1336.2608642578125 1330.3179931640625 1324.274658203125 1318.86572265625 1337.71484375 1348.1951904296875 1336.6959228515625 1338.8819580078125 1350.4818115234375 1371.9134521484375 1393.801513671875 1344.6878662109375 1329.250732421875
1782.6527099609375 1703.622314453125 1702.9515380859375 1862.4102783203125 1832.5880126953125 1792.704345703125 1734.1796875 1714.0667724609375 1655.3765869140625 1647.2376708984375 1572.686767578125 1538.53955078125 1500.833740234375 1489.8729248046875 1475.9075927734375 1484.5841064453125 1482.4654541015625 1476.236572265625 1467.2503662109375 1458.8199462890625 1464.4044189453125 1461.023193359375 1456.5380859375 1451.5335693359375 1441.42333984375 1430.8016357421875 1419.3704833984375 1409.2220458984375 1389.628662109375 1376.42578125 1348.573486328125 1340.7442626953125 1333.361572265625 1323.9144287109375 1329.0882568359375 1340.7430419921875 1344.4876708984375 1345.4791259765625 1350.3231201171875 1355.669921875 1380.5986328125 1372.5782470703125 1343.551025390625 1323.132568359375
